1100 	1101 	1300 	1301 	1340 	1370 	1500 	1501 	1700 	1701	
1740 	1770 	2302 	2303 	2304 	2320 	2336 	2337 	2341 	2342
2350 	2372 	2381 	2702 	2703 	2704 	2720 	2736 	2737 	2738
2741 	2742 	2750 	2772 	2781 	2901 	3301 	3302 	3305 	3308
3313 	3318 	3319 	3321 	3322 	3323 	3326 	3333 	3334 	3337
3340 	3343 	3345 	3346 	3349 	3350 	3351 	3352 	3358 	3360
3378 	3379 	3396 	3701 	3702 	3705 	3708 	3713 	3714 	3718
3719 	3721 	3722 	3723 	3726 	3733 	3734 	3737 	3740 	3743
3745 	3746 	3749 	3750 	3751 	3752 	3760 	3778 	3779 	3797
3901 	3902 	3993 	3994 	4101 	4103 	4301 	4303 	4306 	4307
4311 	4312 	4313 	4314 	4318 	4322 	4325 	4326 	4328 	4329
4336 	4337 	4338 	4339 	4340 	4341 	4342 	4344 	4345 	4346
4348 	4349 	4350 	4351 	4352 	4354 	4377 	4378 	4379 	4396
4501 	4503 	4703 	4706 	4707 	4711 	4712 	4713 	4714 	4718
4722 	4725 	4726 	4728 	4729 	4736 	4737 	4738 	4739 	4740
4741 	4742 	4744 	4745 	4746 	4748 	4749 	4750 	4751 	4752
4754 	4777 	4779 	4797 	4901 	4902 	4903 	4904 	4905 	4994
4998 	4999 	  	 
