1101 	1102 	1103 	1104 	1105 	1106 	1107 	1108 	1109 	1110
1203 	1207 	1213 	1501 	1502 	1506 	1602 	1603 	1607 	1608
1613 	1701 	1702 	1703 	1704 	1705 	1717 	2101 	2104 	2105
2107 	2117 	2135 	2178 	2213 	2214 	2301 	2302 	2303 	2305
2309 	2311 	2312 	2313 	2314 	2315 	2316 	2317 	2318 	2320
2321 	2343 	2344 	2366 	2419 	2501 	2503 	2504 	2513 	2517
2535 	2614 	2701 	2702 	2703 	2705 	2709 	2711 	2712 	2713
2714 	2715 	2716 	2717 	2718 	2741 	2743 	2819 	3101 	3102
3105 	3112 	3113 	3117 	3119 	3120 	3121 	3125 	3126 	3127
3128 	3130 	3131 	3132 	3135 	3136 	3137 	3138 	3139 	3140
3142 	3143 	3144 	3145 	3146 	3147 	3148 	3149 	3150 	3151
3152 	3153 	3154 	3155 	3156 	3157 	3158 	3159 	3160 	3161
3162 	3163 	3165 	3171 	3173 	3174 	3175 	3176 	3177 	3178
3180 	3181 	3182 	3183 	3193 	3203 	3205 	3206 	3211 	3212
3213 	3214 	3221 	3227 	3228 	3233 	3234 	3235 	3241 	3244
3248 	3250 	3251 	3253 	3258 	3301 	3303 	3304 	3305 	3307
3313 	3315 	3316 	3317 	3319 	3323 	3340 	3341 	3342 	3343
3344 	3351 	3352 	3353 	3354 	3355 	3356 	3357 	3358 	3359
3360 	3361 	3362 	3363 	3364 	3365 	3366 	3368 	3369 	3370
3371 	3372 	3373 	3374 	3375 	3376 	3377 	3378 	3379 	3380
3382 	3383 	3385 	3386 	3387 	3388 	3390 	3392 	3393 	3394
3395 	3396 	3397 	3398 	3399 	3449 	3450 	3501 	3503 	3505
3506 	3509 	3510 	3511 	3512 	3514 	3515 	3516 	3518 	3519
3520 	3524 	3526 	3531 	3533 	3534 	3541 	3553 	3554 	3560
3564 	3568 	3569 	3570 	3571 	3572 	3573 	3575 	3576 	3577
3580 	3635 	3648 	3650 	3653 	3703 	3704 	3707 	3712 	3713
3714 	3716 	3723 	3727 	3728 	3740 	3741 	3744 	3753 	3758
3760 	3761 	3762 	3763 	3765 	3769 	3771 	3773 	3774 	3776
3780 	3783 	3787 	3795 	3796 	3797 	3849 	3850 	3901 	3922
3923 	4100 	4101 	4102 	4103 	4104 	4105 	4106 	4107 	4108
4109 	4110 	4111 	4112 	4113 	4114 	4115 	4116 	4117 	4118
4122 	4123 	4124 	4125 	4128 	4130 	4131 	4132 	4133 	4134
4136 	4140 	4141 	4142 	4143 	4144 	4145 	4146 	4150 	4162
4163 	4200 	4201 	4203 	4303 	4305 	4306 	4307 	4343 	4382
4500 	4501 	4502 	4503 	4504 	4505 	4506 	4507 	4508 	4509
4510 	4511 	4512 	4513 	4514 	4519 	4520 	4521 	4529 	4530
4535 	4540 	4541 	4542 	4543 	4544 	4545 	4546 	4600 	4700
4701 	4702 	4715 	4900 	4914 	
