1148 	1160 	1548 	1560 	2101 	2130 	2132 	2135 	2148 	2152
2158 	2160 	2167 	2168 	2170 	2173 	2180 	2181 	2501 	2530
2532 	2535 	2548 	2552 	2558 	2560 	2567 	2568 	2570 	2573
2580 	2581 	2901 	3100 	3102 	3103 	3104 	3105 	3109 	3130
3133 	3138 	3144 	3148 	3150 	3152 	3155 	3158 	3165 	3167
3174 	3182 	3500 	3502 	3503 	3504 	3505 	3509 	3530 	3533
3538 	3544 	3548 	3550 	3552 	3555 	3558 	3562 	3563 	3565
3567 	3574 	3582 	3901 	3902 	3912 	3916 	4100 	4105 	4115
4128 	4129 	4131 	4144 	4148 	4166 	4168 	4170 	4185 	4201
4500 	4505 	4515 	4528 	4529 	4531 	4544 	4548 	4566 	4568
4570 	4585 	4601 	4901 	4902 	
