1500 	1503 	1505 	1506 	1507 	1508 	1514 	1705 	1706 	1707
1708 	1714 	2500 	2501 	2508 	2509 	2514 	3500 	3501 	3700
3701 	4148 	4158 	4159 	4168 	4331 	4372 	4383 	4390 	4391
4392 	4393 	4394 	4395 	4396 	4501 	4509 	4512 	4513 	4518
4521 	4523 	4527 	4529 	4536 	4537 	4539 	4542 	4543 	4545
4547 	4548 	4554 	4555 	4556 	4557 	4558 	4559 	4560 	4561
4568 	4569 	4570 	4580 	4581 	4582 	4583 	4584 	4585 	4586
4587 	4588 	4589 	4590 	4591 	4592 	4593 	4594 	4595 	4596
4597 	4700 	4702 	4709 	4719 	4725 	4726 	4727 	4728 	4729
4730 	4731 	4732 	4739 	4740 	4741 	4742 	4745 	4746 	4747
4754 	4755 	4756 	4757 	4760 	4761 	4762 	4763 	4764 	4765
4766 	4767 	4768 	4769 	4770 	4771 	4772 	4773 	4775 	4776
4777 	4778 	4779 	4780 	4789 	4790 	4791 	4792 	4793 	4794
4795 	4796 	4797 	4798 	4800 	4819 	4820 	4830 	
