1100 	1112 	1120 	1121 	1122 	1123 	1131 	2110 	2120 	2122
2123 	2130 	2131 	2132 	2133 	2135 	2136 	2137 	2140 	2141
2142 	2143 	2151 	2171 	2212 	2235 	2313 	2400 	2450 	2901
3101 	3103 	3133 	3134 	3135 	3164 	3300 	3316 	3318 	3320
3321 	3323 	3324 	3339 	3340 	3341 	3347 	3349 	3356 	3362
3364 	3370 	3371 	3372 	3373 	3374 	3375 	3376 	3377 	3378
3379 	3380 	3381 	3383 	3384 	3385 	3386 	3387 	3388 	3389
3390 	3901 	3902 	4115 	4120 	4130 	4131 	4133 	4134 	4135
4136 	4137 	4138 	4139 	4142 	4148 	4151 	4152 	4165 	4175
4180 	4182 	4184 	4188 	4189 	4330 	4331 	4332 	4394 	4395
4397 	4398 	4399 	4901 	4902 	 
