1101 	1110 	1111 	1120 	1501 	1510 	1511 	1520 	2100 	2101
2102 	2103 	2104 	2105 	2116 	2117 	2129 	2130 	2150 	2151
2152 	2153 	2160 	2170 	2171 	2175 	2176 	2177 	2178 	2182
2183 	2184 	2197 	2307 	2326 	2335 	2336 	2341 	2342 	2350
2351 	2355 	2361 	2362 	2363 	2364 	2375 	2376 	2390 	2391
2500 	2501 	2502 	2503 	2504 	2505 	2516 	2517 	2521 	2529
2550 	2551 	2552 	2553 	2560 	2570 	2571 	2575 	2576 	2577
2578 	2582 	2583 	2584 	2597 	2707 	2708 	2735 	2736 	2741
2742 	2750 	2751 	2761 	2762 	2763 	2764 	2775 	2776 	2901
3100 	3102 	3103 	3104 	3107 	3108 	3109 	3110 	3116 	3124
3125 	3150 	3153 	3154 	3175 	3180 	3181 	3185 	3190 	3195
3314 	3315 	3320 	3328 	3330 	3355 	3356 	3357 	3360 	3375
3391 	3393 	3394 	3397 	3398 	3500 	3507 	3508 	3509 	3510
3521 	3550 	3575 	3580 	3581 	3585 	3590 	3595 	3714 	3728
3730 	3760 	3764 	3765 	3775 	3781 	3797 	3798 	3901 	3902
4135 	4138 	4140 	4141 	4142 	4150 	4151 	4182 	4184 	4186
4192 	4300 	4320 	4355 	4360 	4361 	4362 	4363 	4364 	4365
4370 	4380 	4391 	4397 	4535 	4538 	4540 	4541 	4542 	4550
4551 	4582 	4584 	4586 	4592 	4700 	4720 	4760 	4761 	4762
4763 	4764 	4765 	4770 	4780 	4797 	4900 	4901 	4902
