1300 	1302 	1303 	1308 	1318 	1320 	1322 	1325 	1330 	1332
1339 	1341 	1348 	1371 	1372 	1373 	1374 	1395 	1700 	1702
1703 	1708 	1718 	1720 	1722 	1725 	1730 	1732 	1739 	1741
1748 	1771 	1772 	1773 	1774 	1795 	2122 	2125 	2141 	2143
2322 	2324 	2342 	2348 	2355 	2362 	2371 	2375 	2377 	2379
2384 	2522 	2525 	2541 	2543 	2722 	2724 	2742 	2748 	2755
2762 	2771 	2775 	2777 	2779 	2784 	2901 	3100 	3101 	3120
3121 	3130 	3141 	3143 	3153 	3155 	3166 	3172 	3320 	3321
3341 	3343 	3348 	3361 	3375 	3377 	3378 	3379 	3380 	3381
3395 	3500 	3501 	3520 	3521 	3530 	3541 	3543 	3553 	3555
3566 	3572 	3720 	3721 	3741 	3743 	3748 	3761 	3775 	3777
3778 	3779 	3780 	3781 	3795 	3901 	3902 	4121 	4124 	4125
4126 	4130 	4131 	4141 	4142 	4143 	4144 	4145 	4149 	4153
4154 	4155 	4156 	4157 	4158 	4161 	4162 	4166 	4167 	4170
4171 	4175 	4183 	4199 	4343 	4348 	4349 	4371 	4372 	4374
4375 	4376 	4377 	4378 	4381 	4385 	4386 	4387 	4388 	4399
4521 	4524 	4525 	4526 	4530 	4531 	4541 	4542 	4543 	4544
4545 	4549 	4553 	4554 	4555 	4556 	4557 	4558 	4561 	4562
4566 	4567 	4570 	4571 	4575 	4583 	4599 	4743 	4748 	4749
4771 	4772 	4774 	4775 	4776 	4777 	4778 	4781 	4785 	4786
4787 	4788 	4799 	4900 	4901 	4902 	4992 	4995 	4996
