2113 	2313 	2317 	2513 	2713 	2717 	3103 	3105 	3107 	3108
3111 	3116 	3118 	3120 	3122 	3123 	3127 	3137 	3300 	3301
3305 	3307 	3308 	3309 	3311 	3313 	3320 	3323 	3503 	3505
3507 	3511 	3516 	3518 	3520 	3522 	3523 	3527 	3537 	3701
3705 	3707 	3708 	3709 	3711 	3713 	3720 	3723 	3736 	3746
4101 	4103 	4105 	4106 	4107 	4109 	4110 	4112 	4114 	4122
4124 	4132 	4134 	4160 	4170 	4172 	4180 	4245 	4291 	4302
4304 	4311 	4318 	4319 	4320 	4330 	4430 	4501 	4505 	4507
4509 	4510 	4520 	4532 	4534 	4536 	4546 	4570 	4572 	4580
4645 	4730 	4731 	4736 	4746 	4830 	4892 	4901 	4902
