1140 	1147 	1158 	1159 	1500 	1599 	1788 	2140 	2141 	2143
2145 	2146 	2147 	2500 	2507 	2508 	2727 	2728 	2788 	2789
3101 	3102 	3103 	3106 	3107 	3108 	3110 	3119 	3122 	3123
3124 	3128 	3129 	3131 	3132 	3133 	3134 	3136 	3138 	3139
3140 	3143 	3144 	3145 	3146 	3148 	3158 	3159 	3174 	3175
3177 	3182 	3183 	3187 	3188 	3190 	3193 	3501 	3502 	3505
3508 	3512 	3514 	3517 	3518 	3519 	3521 	3523 	3526 	3527
3561 	3562 	3613 	3702 	3703 	3704 	3705 	3712 	3713 	3714
3717 	3718 	3719 	3720 	3722 	3723 	3724 	3725 	3727 	3728
3729 	3733 	3754 	3755 	3756 	3757 	3758 	3759 	3788 	3789
3795 	3796 	3797 	3798 	4125 	4126 	4128 	4143 	4174 	4175
4177 	4182 	4183 	4187 	4188 	4190 	4193 	4194 	4501 	4502
4508 	4514 	4521 	4523 	4526 	4527 	4551 	4716 	4717 	4719
4720 	4722 	4723 	4724 	4725 	4727 	4733 	4760 	4761 	4762
4763 	4764 	4766 	4767 	4768 	4769 	4788 	4795 	4796 	4797
4798
