1121 	1122 	1124 	1300 	1321 	1322 	1331 	1521 	1522 	1524
1700 	1703 	1721 	1722 	1731 	2100 	2104 	2311 	2315 	2323
2325 	2333 	2361 	2390 	2500 	2504 	2711 	2715 	2723 	2725
2733 	2761 	2790 	2904 	2906 	3310 	3320 	3325 	3341 	3350
3355 	3370 	3380 	3710 	3720 	3725 	3741 	3750 	3755 	3770
3902 	3903 	3904 	3906 	3907 	4006 	4140 	4141 	4311 	4320
4322 	4327 	4330 	4335 	4346 	4361 	4362 	4368 	4370 	4375
4382 	4385 	4387 	4390 	4395 	4540 	4541 	4711 	4720 	4722
4730 	4762 	4770 	4775 	4782 	4785 	4901 	4902 	4903 	4906
4907
