1101 	1102 	1501 	1502 	2101 	2103 	2104 	2107 	2108 	2156
2501 	2503 	2504 	2507 	2508 	2556 	2901 	3102 	3105 	3110
3111 	3113 	3114 	3115 	3116 	3126 	3133 	3140 	3142 	3144
3145 	3146 	3148 	3154 	3157 	3159 	3160 	3162 	3164 	3171
3172 	3173 	3174 	3175 	3370 	3371 	3502 	3503 	3505 	3506
3509 	3510 	3511 	3513 	3514 	3515 	3516 	3525 	3526 	3528
3533 	3535 	3540 	3542 	3544 	3545 	3546 	3548 	3554 	3559
3560 	3562 	3563 	3564 	3570 	3571 	3572 	3573 	3574 	3575
3770 	3771 	3901 	3902 	4123 	4124 	4126 	4127 	4134 	4136
4137 	4138 	4140 	4142 	4150 	4154 	4157 	4166 	4170 	4171
4176 	4178 	4179 	4180 	4181 	4183 	4184 	4187 	4188 	4189
4190 	4300 	4310 	4320 	4330 	4350 	4370 	4375 	4376 	4377
4378 	4508 	4522 	4523 	4524 	4526 	4527 	4534 	4535 	4536
4537 	4538 	4540 	4542 	4543 	4545 	4550 	4554 	4557 	4561
4565 	4566 	4570 	4571 	4576 	4578 	4579 	4580 	4583 	4584
4587 	4589 	4590 	4700 	4710 	4720 	4730 	4750 	4770 	4775
4776 	4777 	4778 	4901 	4902 	4930
