
1101 	1105 	1501 	1505 	2101 	2103 	2104 	2106 	2107 	2109
2111 	2112 	2113 	2114 	2151 	2191 	2300 	2309 	2312 	2501
2503 	2504 	2506 	2507 	2509 	2511 	2512 	2513 	2514 	2551
2591 	2700 	2708 	2709 	2712 	2901 	3101 	3105 	3106 	3107
3108 	3116 	3117 	3118 	3123 	3126 	3136 	3137 	3138 	3140
3142 	3148 	3304 	3306 	3308 	3309 	3312 	3331 	3332 	3501
3505 	3506 	3507 	3508 	3516 	3517 	3518 	3523 	3526 	3536
3537 	3538 	3540 	3542 	3548 	3703 	3704 	3705 	3706 	3708
3709 	3712 	3731 	3732 	3901 	3902 	4101 	4103 	4104 	4105
4107 	4111 	4117 	4121 	4127 	4135 	4139 	4144 	4303 	4305
4309 	4310 	4314 	4330 	4501 	4503 	4504 	4505 	4507 	4511
4517 	4521 	4527 	4535 	4539 	4544 	4703 	4705 	4709 	4710
4714 	4730 	4901 	4902
