1122 	1161 	1302 	1313 	1522 	1561 	1702 	1713 	2111 	2114
2120 	2121 	2134 	2140 	2180 	2301 	2302 	2312 	2314 	2315
2511 	2514 	2520 	2521 	2534 	2540 	2580 	2701 	2702 	2712
2714 	2715 	3111 	3113 	3114 	3116 	3118 	3119 	3120 	3121
3122 	3123 	3124 	3125 	3142 	3143 	3150 	3301 	3311 	3324
3325 	3381 	3511 	3513 	3514 	3516 	3518 	3519 	3520 	3521
3522 	3523 	3524 	3525 	3542 	3543 	3550 	3701 	3711 	3713
3724 	3725 	3781 	4100 	4101 	4111 	4112 	4114 	4115 	4116
4117 	4118 	4123 	4131 	4145 	4147 	4150 	4160 	4313 	4314
4315 	4320 	4323 	4500 	4501 	4511 	4512 	4514 	4515 	4516
4517 	4518 	4523 	4531 	4545 	4547 	4550 	4560 	4713 	4714
4715 	4720 	4723 	4900 	
