1109 	1130 	1140 	1300 	1509 	1530 	1540 	1700 	2110 	2129
2133 	2135 	2137 	2510 	2529 	2533 	2535 	2537 	2901 	3102
3103 	3115 	3117 	3119 	3122 	3124 	3126 	3137 	3140 	3146
3147 	3151 	3152 	3153 	3154 	3158 	3170 	3176 	3302 	3303
3305 	3310 	3333 	3334 	3360 	3502 	3503 	3515 	3517 	3519
3522 	3524 	3526 	3537 	3540 	3546 	3547 	3551 	3552 	3553
3558 	3570 	3576 	3702 	3703 	3705 	3710 	3760 	3901 	3902
3924 	4004 	4009 	4101 	4109 	4115 	4119 	4120 	4122 	4127
4128 	4129 	4134 	4138 	4140 	4144 	4145 	4146 	4150 	4152
4156 	4158 	4159 	4161 	4162 	4165 	4174 	4175 	4180 	4350
4351 	4501 	4522 	4527 	4534 	4537 	4538 	4540 	4545 	4546
4551 	4552 	4556 	4558 	4900 	4901 	4902 	4910 	
