1300 	1301 	1700 	1701 	2300 	2301 	2303 	2305 	2306 	2307
2308 	2309 	2310 	2700 	2701 	2703 	2705 	2706 	2707 	2708
2709 	2710 	3301 	3303 	3305 	3306 	3307 	3308 	3310 	3311
3312 	3314 	3315 	3316 	3317 	3318 	3319 	3322 	3323 	3324
3325 	3326 	3334 	3701 	3703 	3705 	3706 	3707 	3708 	3710
3711 	3712 	3714 	3715 	3716 	3717 	3718 	3719 	3721 	3722
3723 	3724 	3725 	3726 	3734 	4260 	4301 	4302 	4303 	4304
4305 	4306 	4310 	4311 	4312 	4313 	4314 	4315 	4316 	4317
4333 	4660 	4701 	4702 	4703 	4704 	4705 	4706 	4710 	4711
4712 	4713 	4714 	4715 	4716 	4717 	4733 	
