1100 	1500 	2101 	2108 	2130 	2131 	2141 	2142 	2360 	2361
2501 	2508 	2530 	2531 	2541 	2542 	2760 	2761 	2901 	3110
3130 	3131 	3141 	3142 	3143 	3145 	3306 	3307 	3340 	3341
3510 	3530 	3531 	3541 	3542 	3543 	3545 	3706 	3707 	3740
3741 	3901 	3902 	4100 	4102 	4104 	4107 	4108 	4109 	4110
4111 	4125 	4126 	4127 	4128 	4130 	4131 	4132 	4133 	4134
4136 	4139 	4150 	4151 	4152 	4155 	4175 	4190 	4191 	4220
4308 	4322 	4324 	4325 	4327 	4328 	4329 	4331 	4333 	4340
4345 	4525 	4550 	4551 	4552 	4708 	4722 	4728 	4740 	4901
4902
