1030 	1031 	1032 	1301 	1302 	1303 	1701 	1702 	1703 	1901
1902 	1920 	1990 	2030 	2031 	2032 	2304 	2306 	2307 	2310
2324 	2331 	2332 	2346 	2371 	2382 	2704 	2706 	2707 	2710
2724 	2731 	2732 	2746 	2771 	2782 	2901 	2920 	2943 	2950
2952 	2990 	2993 	3030 	3031 	3032 	3110 	3111 	3301 	3302
3305 	3306 	3307 	3308 	3311 	3315 	3328 	3333 	3334 	3335
3338 	3346 	3347 	3360 	3510 	3511 	3701 	3702 	3705 	3706
3707 	3708 	3711 	3715 	3728 	3733 	3734 	3735 	3738 	3746
3747 	3760 	3901 	3902 	3903 	3904 	3905 	3906 	3907 	3908
3909 	3910 	3911 	3912 	3913 	3914 	3915 	3916 	3917 	3918
3919 	3920 	3925 	3943 	3944 	3945 	3950 	3951 	3952 	3953
3954 	3956 	3970 	3990 	3993 	4018 	4024 	4030 	4031 	4032
4033 	4110 	4158 	4159 	4301 	4302 	4308 	4310 	4311 	4315
4320 	4321 	4323 	4360 	4374 	4510 	4558 	4559 	4701 	4702
4708 	4710 	4711 	4715 	4720 	4721 	4723 	4774 	4901 	4910
4912 	4917 	4920 	4924 	4928 	4943 	4944 	4952 	4954 	4961
