
1101 	1102 	1501 	1502 	2105 	2106 	2110 	2114 	2116 	2174
2301 	2391 	2505 	2506 	2510 	2514 	2516 	2574 	2701 	2791
3101 	3102 	3103 	3105 	3108 	3109 	3116 	3121 	3122 	3123
3124 	3126 	3128 	3132 	3135 	3136 	3140 	3142 	3171 	3173
3301 	3303 	3304 	3306 	3307 	3377 	3378 	3391 	3501 	3502
3503 	3505 	3508 	3509 	3516 	3521 	3522 	3523 	3524 	3526
3528 	3532 	3535 	3536 	3540 	3542 	3571 	3573 	3701 	3703
3704 	3706 	3707 	3777 	3778 	3791 	4105 	4110 	4122 	4127
4130 	4134 	4160 	4173 	4174 	4180 	4181 	4276 	4302 	4310
4327 	4371 	4372 	4391 	4505 	4510 	4522 	4527 	4530 	4534
4560 	4573 	4574 	4580 	4581 	4676 	4702 	4710 	4727 	4771
4772 	4791
