
1110 	1191 	1393 	1510 	1591 	1793 	2111 	2112 	2113 	2114
2115 	2170 	2171 	2172 	2191 	2194 	2195 	2351 	2380 	2381
2382 	2383 	2386 	2393 	2398 	2511 	2512 	2513 	2514 	2515
2570 	2571 	2572 	2591 	2594 	2595 	2751 	2780 	2781 	2782
2783 	2786 	2793 	2798 	3110 	3111 	3119 	3139 	3140 	3141
3163 	3165 	3185 	3187 	3188 	3190 	3191 	3194 	3312 	3313
3314 	3315 	3317 	3318 	3333 	3353 	3354 	3383 	3385 	3510
3511 	3519 	3539 	3540 	3541 	3563 	3565 	3585 	3587 	3588
3590 	3591 	3594 	3712 	3713 	3714 	3715 	3717 	3718 	3733
3753 	3754 	3783 	3785 	4102 	4105 	4107 	4302 	4502 	4505
4507 	4702
